0200000000000000
0200070000000000
0200000000000000
0000000000000000
0000080000000000
0000000000000000
0000040000000000
0000000000000000
0000150000000000
0000000000000000
00002c0000000000
0000000000000000
0200000000000000
0200160000000000
0000160000000000
0000000000000000
0000100000000000
0000000000000000
00000c0000000000
0000000000000000
0000170000000000
0000170b00000000
00000b0000000000
0000000000000000
0200000000000000
02001e0000000000
0200000000000000
0000000000000000
0000280000000000
0000000000000000
0000280000000000
0000000000000000
0200000000000000
02000c0000000000
0200000000000000
0000000000000000
0000170000000000
0000000000000000
00002c0000000000
0000000000000000
0000160000000000
0000000000000000
0000080000000000
0000000000000000
0000080000000000
0000000000000000
0000100000000000
0000000000000000
0000160000000000
0000162c00000000
00002c0000000000
0000000000000000
0200000000000000
02000c0000000000
0200000000000000
0000000000000000
0000340000000000
0000000000000000
0000100000000000
0000000000000000
00002c0000000000
0000000000000000
0000160000000000
0000000000000000
0000170000000000
0000000000000000
0000040000000000
0000000000000000
0000150000000000
0000000000000000
0000170000000000
0000000000000000
00000c0000000000
0000000000000000
0000110000000000
0000000000000000
00000a0000000000
00000a2c00000000
00002c0000000000
0000000000000000
0000170000000000
0000000000000000
0000120000000000
0000000000000000
00002c0000000000
0000000000000000
0000160000000000
0000000000000000
0000180000000000
0000000000000000
0000160000000000
0000000000000000
0000130000000000
0000000000000000
0000080000000000
0000080600000000
0000060000000000
0000000000000000
0000170000000000
0000172c00000000
00002c0000000000
0000000000000000
0000160000000000
0000000000000000
0000120000000000
0000000000000000
0000100000000000
0000000000000000
0000080000000000
0000000000000000
0000170000000000
0000000000000000
00000b0000000000
0000000000000000
00000c0000000000
0000000000000000
0000110000000000
0000000000000000
00000a0000000000
0000000000000000
0000370000000000
0000000000000000
0000280000000000
0000000000000000
0200000000000000
0200100000000000
0200000000000000
0000000000000000
00001c0000000000
0000000000000000
00002c0000000000
0000000000000000
00000e0000000000
0000000000000000
0000080000000000
0000000000000000
00001c0000000000
0000000000000000
0000050000000000
0000000000000000
0000120000000000
0000000000000000
0000040000000000
0000000000000000
0000150000000000
0000000000000000
0000070000000000
0000072c00000000
00002c0000000000
0000000000000000
00001a0000000000
0000000000000000
0000120000000000
0000000000000000
0000150000000000
0000000000000000
00000e0000000000
0000000000000000
0000160000000000
0000162c00000000
00002c0000000000
0000000000000000
0000190000000000
0000190800000000
0000080000000000
0000081500000000
0000150000000000
0000000000000000
00001c0000000000
0000000000000000
00002c0000000000
0000000000000000
0000160000000000
0000000000000000
00000f0000000000
0000000000000000
0000120000000000
0000000000000000
00001a0000000000
0000000000000000
00000f0000000000
0000000000000000
00001c0000000000
0000000000000000
0000360000000000
0000000000000000
00002c0000000000
0000000000000000
00000c0000000000
0000000000000000
0000170000000000
0000172c00000000
00002c0000000000
0000000000000000
0000090000000000
0000000000000000
0000080000000000
0000000000000000
0000080000000000
0000000000000000
00000f0000000000
0000000000000000
0000160000000000
0000162c00000000
00002c0000000000
0000000000000000
00000f0000000000
0000000000000000
00000c0000000000
0000000000000000
00000e0000000000
0000000000000000
0000080000000000
0000082c00000000
00002c0000000000
0000000000000000
00000c0000000000
0000000000000000
0000170000000000
0000172c00000000
00002c0000000000
0000000000000000
0000160000000000
0000000000000000
0000170000000000
0000000000000000
0000040000000000
0000041500000000
0000150000000000
0000000000000000
0000170000000000
0000000000000000
0000160000000000
0000162c00000000
00002c0000000000
0000000000000000
0000170000000000
0000000000000000
0000120000000000
0000000000000000
00002c0000000000
0000000000000000
0000050000000000
0000000000000000
0000150000000000
0000150800000000
0000080000000000
0000000000000000
0000040000000000
0000000000000000
00000e0000000000
0000000000000000
0000370000000000
0000000000000000
0000280000000000
0000000000000000
0200000000000000
02000c0000000000
0200000000000000
0000000000000000
00002c0000000000
0000000000000000
00001a0000000000
0000000000000000
0000150000000000
0000000000000000
0000120000000000
0000000000000000
0000170000000000
0000000000000000
0000080000000000
0000082c00000000
00002c0000000000
0000000000000000
0000040000000000
0000000000000000
0000050000000000
0000000000000000
0000120000000000
0000000000000000
0000180000000000
0000000000000000
0000170000000000
0000172c00000000
00002c0000000000
0000000000000000
0000170000000000
0000000000000000
00000b0000000000
0000000000000000
0000080000000000
0000082c00000000
00002c0000000000
0000000000000000
0000130000000000
0000000000000000
0000120000000000
0000000000000000
0000160000000000
0000000000000000
0000160000000000
0000000000000000
00000c0000000000
0000000000000000
0000050000000000
0000000000000000
00000f0000000000
0000000000000000
0000080000000000
0000082c00000000
00002c0000000000
0000000000000000
0000060000000000
0000060400000000
0000040000000000
0000000000000000
0000180000000000
0000000000000000
0000160000000000
0000160800000000
0000080000000000
0000082c00000000
00002c0000000000
0000000000000000
0000120000000000
0000000000000000
0000090000000000
0000092c00000000
00002c0000000000
0000000000000000
0000050000000000
0000000000000000
0000150000000000
0000150800000000
0000080000000000
0000000000000000
0000040000000000
0000000000000000
00000e0000000000
0000000000000000
0000070000000000
0000000000000000
0000120000000000
0000000000000000
00001a0000000000
0000000000000000
0000110000000000
0000000000000000
0000360000000000
0000000000000000
00002c0000000000
0000000000000000
0000060000000000
0000060400000000
0000040000000000
0000000000000000
0000110000000000
0000000000000000
00002c0000000000
0000000000000000
00001c0000000000
0000000000000000
0000120000000000
0000000000000000
0000180000000000
0000000000000000
00002c0000000000
0000000000000000
0000160000000000
0000000000000000
0000080000000000
0000000000000000
0000080000000000
0000000000000000
0200000000000000
0200380000000000
0200000000000000
0000000000000000
0000280000000000
0000000000000000
00000b0000000000
0000000000000000
0000170000000000
0000000000000000
0000170000000000
0000000000000000
0000130000000000
0000000000000000
0000160000000000
0000000000000000
0200000000000000
0000000000000000
0200000000000000
0200330000000000
0200000000000000
0000000000000000
0000380000000000
0000000000000000
0000380000000000
0000000000000000
0000130000000000
0000000000000000
0000040000000000
0000041600000000
0000160000000000
0000000000000000
0000170000000000
0000000000000000
0000080000000000
0000000000000000
0000050000000000
0000000000000000
00000c0000000000
0000000000000000
0000110000000000
0000000000000000
0000370000000000
0000000000000000
0000060000000000
0000000000000000
0000120000000000
0000000000000000
0000100000000000
0000000000000000
0000380000000000
0000000000000000
0000150000000000
0000000000000000
0000040000000000
0000041a00000000
00001a0000000000
0000000000000000
0000380000000000
0000000000000000
0200000000000000
02000a0000000000
00000a0000000000
0000000000000000
0000220000000000
0000000000000000
0000200000000000
0000000000000000
0000050000000000
0000000000000000
0000240000000000
0000000000000000
00001d0000000000
0000000000000000
0200000000000000
02001b0000000000
00001b0000000000
0000000000000000
0000260000000000
0000000000000000
0000280000000000
0000000000000000
0000280000000000
0000000000000000
0200000000000000
02000c0000000000
0200000000000000
0000000000000000
00002c0000000000
0000000000000000
00000b0000000000
0000000000000000
0000120000000000
0000000000000000
0000130000000000
0000000000000000
0000080000000000
0000082c00000000
00002c0000000000
0000000000000000
0000090000000000
0000000000000000
0000120000000000
0000000000000000
0000150000000000
0000152c00000000
00002c0000000000
0000000000000000
00001c0000000000
0000000000000000
0000120000000000
0000000000000000
0000180000000000
0000000000000000
0000150000000000
0000152c00000000
00002c0000000000
0000000000000000
0000140000000000
0000000000000000
0000180000000000
0000000000000000
00000c0000000000
0000000000000000
0000060000000000
0000000000000000
00000e0000000000
0000000000000000
00002c0000000000
0000000000000000
0000150000000000
0000150800000000
0000080000000000
0000000000000000
0000130000000000
0000000000000000
00000f0000000000
0000000000000000
00001c0000000000
0000000000000000
0000360000000000
0000000000000000
00002c0000000000
0000000000000000
0200000000000000
02001b0000000000
0200000000000000
02001b0000000000
0200000000000000
02001b0000000000
0200000000000000
0000000000000000
